Generos
amor,servicios
amor,servicios
economia,servicios,viajes,informatica,tecnologia
economia,servicios,viajes,amor
economia,servicios
amor,periodismo,accion,musica,fotografia
musica,economia
accion,musica,fotografia
periodismo,viajes,amor,periodismo
amor,periodismo
amor,periodismo
amor,periodismo,viajes